Classification Report — custom_cnn
============================================================
              precision    recall  f1-score   support

           A       0.97      0.98      0.97       384
           B       0.98      1.00      0.99       362
           C       0.98      0.99      0.99       361
           D       0.96      0.99      0.98       445
           E       0.98      0.99      0.99       320
           F       1.00      0.99      0.99       498
           G       0.97      1.00      0.98       168
           H       0.99      0.99      0.99       395
           I       0.98      0.94      0.96       436
           J       0.96      0.93      0.94       384
           K       0.96      0.96      0.96       453
           L       0.95      1.00      0.97       439
           M       0.95      0.91      0.93       301
           N       0.94      0.96      0.95       255
           O       0.94      0.99      0.97       398
           P       0.99      0.99      0.99       355
           Q       0.99      0.98      0.99       371
           R       0.98      0.93      0.96       442
           S       0.98      0.98      0.98       441
           T       1.00      0.99      0.99       384
           U       0.96      0.98      0.97       429
           V       0.95      0.95      0.95       447
           W       0.99      0.97      0.98       383
           X       0.97      0.98      0.97       375
           Y       1.00      1.00      1.00       417
           Z       0.96      0.93      0.94       404

    accuracy                           0.97     10047
   macro avg       0.97      0.97      0.97     10047
weighted avg       0.97      0.97      0.97     10047
