Classification Report — transfer_mobilenetv2
============================================================
              precision    recall  f1-score   support

           A       0.88      0.92      0.90       384
           B       0.96      0.98      0.97       362
           C       0.95      0.98      0.96       361
           D       0.91      0.95      0.93       445
           E       0.86      0.92      0.89       320
           F       0.96      0.94      0.95       498
           G       0.96      0.95      0.96       168
           H       0.98      0.92      0.95       395
           I       0.88      0.93      0.91       436
           J       0.93      0.90      0.91       384
           K       0.84      0.70      0.77       453
           L       0.97      0.99      0.98       439
           M       0.90      0.76      0.82       301
           N       0.85      0.90      0.87       255
           O       0.93      0.97      0.95       398
           P       0.97      0.94      0.96       355
           Q       0.96      0.95      0.96       371
           R       0.84      0.87      0.85       442
           S       0.87      0.85      0.86       441
           T       0.94      0.93      0.93       384
           U       0.85      0.83      0.84       429
           V       0.73      0.83      0.78       447
           W       0.99      0.96      0.97       383
           X       0.91      0.93      0.92       375
           Y       0.94      0.99      0.96       417
           Z       0.97      0.90      0.93       404

    accuracy                           0.91     10047
   macro avg       0.91      0.91      0.91     10047
weighted avg       0.91      0.91      0.91     10047
