Classification Report — transfer_vgg16
============================================================
              precision    recall  f1-score   support

           A       0.94      0.96      0.95       384
           B       0.95      0.99      0.97       362
           C       0.95      0.99      0.97       361
           D       0.97      0.95      0.96       445
           E       0.92      0.95      0.94       320
           F       0.98      0.97      0.98       498
           G       0.96      0.96      0.96       168
           H       0.94      0.97      0.95       395
           I       0.96      0.97      0.96       436
           J       0.96      0.91      0.94       384
           K       0.85      0.89      0.87       453
           L       0.97      0.99      0.98       439
           M       0.80      0.83      0.82       301
           N       0.85      0.89      0.87       255
           O       0.92      0.99      0.96       398
           P       0.97      0.96      0.96       355
           Q       0.99      0.92      0.95       371
           R       0.89      0.94      0.92       442
           S       0.88      0.90      0.89       441
           T       0.99      0.92      0.95       384
           U       0.90      0.87      0.89       429
           V       0.89      0.79      0.83       447
           W       0.99      0.96      0.98       383
           X       0.95      0.93      0.94       375
           Y       0.94      0.99      0.96       417
           Z       0.99      0.91      0.95       404

    accuracy                           0.94     10047
   macro avg       0.94      0.94      0.93     10047
weighted avg       0.94      0.94      0.94     10047
