Classification Report — transfer_resnet50
============================================================
              precision    recall  f1-score   support

           A       0.96      0.98      0.97       384
           B       0.97      0.99      0.98       362
           C       0.96      0.99      0.98       361
           D       0.99      0.98      0.99       445
           E       0.97      0.99      0.98       320
           F       1.00      0.99      0.99       498
           G       0.97      1.00      0.99       168
           H       0.99      0.99      0.99       395
           I       0.98      0.96      0.97       436
           J       0.99      0.92      0.95       384
           K       0.98      0.90      0.94       453
           L       0.94      1.00      0.97       439
           M       0.94      0.90      0.92       301
           N       0.96      0.94      0.95       255
           O       0.98      1.00      0.99       398
           P       0.99      0.98      0.99       355
           Q       0.99      0.99      0.99       371
           R       0.94      0.95      0.95       442
           S       0.95      0.97      0.96       441
           T       1.00      0.99      0.99       384
           U       0.96      0.95      0.96       429
           V       0.89      0.96      0.93       447
           W       1.00      0.97      0.99       383
           X       0.98      0.98      0.98       375
           Y       0.94      1.00      0.97       417
           Z       0.98      0.91      0.94       404

    accuracy                           0.97     10047
   macro avg       0.97      0.97      0.97     10047
weighted avg       0.97      0.97      0.97     10047
